version = 'MMult1';
MY_MMult = [
40 1.230769e+00 0.000000e+00 
80 1.374497e+00 0.000000e+00 
120 1.689976e+00 0.000000e+00 
160 1.779322e+00 0.000000e+00 
200 1.809750e+00 0.000000e+00 
240 1.819067e+00 0.000000e+00 
280 1.848745e+00 0.000000e+00 
320 1.862506e+00 0.000000e+00 
360 1.878034e+00 0.000000e+00 
400 1.882962e+00 0.000000e+00 
440 1.892831e+00 0.000000e+00 
480 1.900761e+00 0.000000e+00 
520 1.908153e+00 0.000000e+00 
560 1.913727e+00 0.000000e+00 
600 1.916516e+00 0.000000e+00 
640 1.923590e+00 0.000000e+00 
680 1.926749e+00 0.000000e+00 
720 1.932020e+00 0.000000e+00 
760 1.936203e+00 0.000000e+00 
800 1.941773e+00 0.000000e+00 
840 1.946051e+00 0.000000e+00 
880 1.945548e+00 0.000000e+00 
920 1.940467e+00 0.000000e+00 
960 1.928864e+00 0.000000e+00 
1000 1.906163e+00 0.000000e+00 
];
