version = 'MMult_1x4_5';
MY_MMult = [
100 2.057613e+00 0.000000e+00 
200 2.134187e+00 0.000000e+00 
300 2.059339e+00 0.000000e+00 
400 2.146895e+00 0.000000e+00 
500 2.151482e+00 0.000000e+00 
600 2.156539e+00 0.000000e+00 
700 2.158889e+00 0.000000e+00 
800 2.129128e+00 0.000000e+00 
900 2.122895e+00 0.000000e+00 
1000 2.101306e+00 0.000000e+00 
1100 1.944440e+00 0.000000e+00 
1200 1.122914e+00 0.000000e+00 
1300 1.136843e+00 0.000000e+00 
1400 1.504170e+00 0.000000e+00 
1500 1.365143e+00 0.000000e+00 
1600 1.420103e+00 0.000000e+00 
1700 1.306950e+00 0.000000e+00 
1800 1.328094e+00 0.000000e+00 
1900 1.281126e+00 0.000000e+00 
2000 1.234329e+00 0.000000e+00 
2100 1.190367e+00 0.000000e+00 
2200 1.239674e+00 0.000000e+00 
2300 1.201277e+00 0.000000e+00 
2400 1.300463e+00 0.000000e+00 
2500 1.220367e+00 0.000000e+00 
];
