version = 'MMult0';
MY_MMult = [
40 1.230769e+00 0.000000e+00 
80 1.622821e+00 0.000000e+00 
120 1.721973e+00 0.000000e+00 
160 1.653280e+00 0.000000e+00 
200 1.703396e+00 0.000000e+00 
240 1.817751e+00 0.000000e+00 
280 1.847112e+00 0.000000e+00 
320 1.861660e+00 0.000000e+00 
360 1.875656e+00 0.000000e+00 
400 1.884043e+00 0.000000e+00 
440 1.875928e+00 0.000000e+00 
480 1.898934e+00 0.000000e+00 
520 1.895153e+00 0.000000e+00 
560 1.901460e+00 0.000000e+00 
600 1.869588e+00 0.000000e+00 
640 1.882833e+00 0.000000e+00 
680 1.863687e+00 0.000000e+00 
720 1.799371e+00 0.000000e+00 
760 1.791713e+00 0.000000e+00 
800 1.809072e+00 0.000000e+00 
];
