version = 'MMult_1x4_7';
MY_MMult = [
100 5.025126e+00 7.105427e-15 
200 5.056890e+00 1.598721e-14 
300 5.876592e+00 2.842171e-14 
400 5.646478e+00 2.842171e-14 
500 5.640158e+00 3.907985e-14 
600 5.555913e+00 4.263256e-14 
700 5.654141e+00 4.618528e-14 
800 5.537290e+00 6.039613e-14 
900 5.400340e+00 5.684342e-14 
1000 5.094425e+00 8.526513e-14 
1100 4.748738e+00 7.815970e-14 
1200 2.790020e+00 7.815970e-14 
1300 2.291852e+00 9.237056e-14 
1400 2.490055e+00 9.947598e-14 
1500 1.872674e+00 9.947598e-14 
1600 1.894358e+00 1.065814e-13 
1700 1.573569e+00 1.065814e-13 
1800 1.641807e+00 1.136868e-13 
1900 1.531318e+00 1.314504e-13 
2000 1.446008e+00 1.207923e-13 
2100 1.363090e+00 1.563194e-13 
2200 1.431819e+00 1.776357e-13 
2300 1.328670e+00 1.492140e-13 
2400 1.468384e+00 1.492140e-13 
2500 1.330530e+00 1.847411e-13 
];
