version = 'MMult_1x4_3';
MY_MMult = [
40 1.280000e+00 0.000000e+00 
80 1.398907e+00 0.000000e+00 
120 1.765968e+00 0.000000e+00 
160 1.818828e+00 0.000000e+00 
200 1.842681e+00 0.000000e+00 
240 1.866721e+00 0.000000e+00 
280 1.878005e+00 0.000000e+00 
320 1.890116e+00 0.000000e+00 
360 1.893314e+00 0.000000e+00 
400 1.794652e+00 0.000000e+00 
440 1.903638e+00 0.000000e+00 
480 1.910134e+00 0.000000e+00 
520 1.911006e+00 0.000000e+00 
560 1.912372e+00 0.000000e+00 
600 1.895993e+00 0.000000e+00 
640 1.908466e+00 0.000000e+00 
680 1.906521e+00 0.000000e+00 
720 1.899935e+00 0.000000e+00 
760 1.768474e+00 0.000000e+00 
800 1.834757e+00 0.000000e+00 
840 1.777434e+00 0.000000e+00 
880 1.756527e+00 0.000000e+00 
920 1.751772e+00 0.000000e+00 
960 1.755011e+00 0.000000e+00 
1000 1.737927e+00 0.000000e+00 
];
