version = 'MMult_4x4_13';
MY_MMult = [
40 6.736842e+00 2.664535e-15 
80 7.585185e+00 7.105427e-15 
120 7.854545e+00 1.065814e-14 
160 7.824260e+00 1.421085e-14 
200 7.804878e+00 2.131628e-14 
240 7.924334e+00 2.486900e-14 
280 7.889308e+00 2.842171e-14 
320 7.827998e+00 3.552714e-14 
360 7.828188e+00 4.973799e-14 
400 7.800597e+00 4.973799e-14 
440 7.699553e+00 4.973799e-14 
480 7.568833e+00 6.039613e-14 
520 7.795748e+00 6.394885e-14 
560 7.802728e+00 6.750156e-14 
600 7.671817e+00 7.460699e-14 
640 7.751039e+00 8.171241e-14 
680 7.534102e+00 9.237056e-14 
720 7.685139e+00 1.101341e-13 
760 7.308045e+00 1.065814e-13 
800 7.264215e+00 8.881784e-14 
840 7.328870e+00 1.065814e-13 
880 7.766417e+00 1.030287e-13 
920 7.760688e+00 1.207923e-13 
960 7.681867e+00 1.278977e-13 
1000 7.748574e+00 1.421085e-13 
];
