version = 'MMult_1x4_9';
MY_MMult = [
40 6.736842e+00 2.664535e-15 
80 6.522293e+00 7.105427e-15 
120 5.989601e+00 1.065814e-14 
160 6.239147e+00 1.421085e-14 
200 6.250000e+00 1.421085e-14 
240 6.118168e+00 1.776357e-14 
280 5.975772e+00 1.776357e-14 
320 5.854042e+00 2.842171e-14 
360 5.774972e+00 2.309264e-14 
400 5.691165e+00 2.842171e-14 
440 5.620480e+00 3.197442e-14 
480 5.618513e+00 3.907985e-14 
520 5.640452e+00 3.907985e-14 
560 5.645909e+00 4.618528e-14 
600 5.634832e+00 4.263256e-14 
640 5.639810e+00 4.440892e-14 
680 5.567730e+00 5.329071e-14 
720 5.917902e+00 4.973799e-14 
760 5.939131e+00 4.973799e-14 
800 5.867321e+00 4.973799e-14 
840 5.871379e+00 6.394885e-14 
880 5.754631e+00 7.105427e-14 
920 5.775011e+00 6.394885e-14 
960 5.594691e+00 6.394885e-14 
1000 5.427438e+00 6.394885e-14 
];
