version = 'MMult_4x4_12';
MY_MMult = [
40 4.413793e+00 2.664535e-15 
80 4.491228e+00 7.105427e-15 
120 4.494148e+00 1.065814e-14 
160 5.457695e+00 1.421085e-14 
200 5.347594e+00 2.131628e-14 
240 5.403166e+00 2.486900e-14 
280 5.399582e+00 2.842171e-14 
320 5.363889e+00 3.552714e-14 
360 5.335468e+00 4.973799e-14 
400 5.392653e+00 4.973799e-14 
440 5.368458e+00 4.973799e-14 
480 5.375720e+00 6.039613e-14 
520 5.341640e+00 6.394885e-14 
560 5.348684e+00 6.750156e-14 
600 5.375408e+00 7.460699e-14 
640 5.381121e+00 8.171241e-14 
680 5.356137e+00 9.237056e-14 
720 5.334744e+00 1.101341e-13 
760 5.300810e+00 1.065814e-13 
800 5.464043e+00 8.881784e-14 
840 5.337007e+00 1.065814e-13 
880 5.387237e+00 1.030287e-13 
920 5.382940e+00 1.207923e-13 
960 5.348277e+00 1.278977e-13 
1000 5.350011e+00 1.421085e-13 
];
