version = 'MMult_1x4_4';
MY_MMult = [
40 1.523810e+00 0.000000e+00 
80 1.678689e+00 0.000000e+00 
120 1.764165e+00 0.000000e+00 
160 1.809587e+00 0.000000e+00 
200 1.839080e+00 0.000000e+00 
240 1.857940e+00 0.000000e+00 
280 1.870245e+00 0.000000e+00 
320 1.881002e+00 0.000000e+00 
360 1.878072e+00 0.000000e+00 
400 1.889996e+00 0.000000e+00 
440 1.897215e+00 0.000000e+00 
480 1.905559e+00 0.000000e+00 
520 1.887799e+00 0.000000e+00 
560 1.904698e+00 0.000000e+00 
600 1.897267e+00 0.000000e+00 
640 1.897964e+00 0.000000e+00 
680 1.891958e+00 0.000000e+00 
720 1.494316e+00 0.000000e+00 
760 1.777141e+00 0.000000e+00 
800 1.672061e+00 0.000000e+00 
840 1.738227e+00 0.000000e+00 
880 1.804270e+00 0.000000e+00 
920 1.774595e+00 0.000000e+00 
960 1.729131e+00 0.000000e+00 
1000 1.729040e+00 0.000000e+00 
];
