version = 'MMult_1x4_4';
MY_MMult = [
40 1.219048e+00 0.000000e+00 
80 1.358090e+00 0.000000e+00 
120 1.578082e+00 0.000000e+00 
160 1.780096e+00 0.000000e+00 
200 1.797551e+00 0.000000e+00 
240 1.819426e+00 0.000000e+00 
280 1.845016e+00 0.000000e+00 
320 1.852713e+00 0.000000e+00 
360 1.872156e+00 0.000000e+00 
400 1.882934e+00 0.000000e+00 
440 1.891696e+00 0.000000e+00 
480 1.900761e+00 0.000000e+00 
520 1.906329e+00 0.000000e+00 
560 1.911685e+00 0.000000e+00 
600 1.915522e+00 0.000000e+00 
640 1.916453e+00 0.000000e+00 
680 1.926000e+00 0.000000e+00 
720 1.916220e+00 0.000000e+00 
760 1.934753e+00 0.000000e+00 
800 1.933356e+00 0.000000e+00 
];
