version = 'MMult2';
MY_MMult = [
40 1.207547e+00 0.000000e+00 
80 1.356291e+00 0.000000e+00 
120 1.718548e+00 0.000000e+00 
160 1.811988e+00 0.000000e+00 
200 1.780944e+00 0.000000e+00 
240 1.802112e+00 0.000000e+00 
280 1.821592e+00 0.000000e+00 
320 1.824245e+00 0.000000e+00 
360 1.827211e+00 0.000000e+00 
400 1.801269e+00 0.000000e+00 
440 1.817802e+00 0.000000e+00 
480 1.849303e+00 0.000000e+00 
520 1.851628e+00 0.000000e+00 
560 1.800322e+00 0.000000e+00 
600 1.837110e+00 0.000000e+00 
640 1.895001e+00 0.000000e+00 
680 1.768966e+00 0.000000e+00 
720 1.814892e+00 0.000000e+00 
760 1.777450e+00 0.000000e+00 
800 1.773756e+00 0.000000e+00 
840 1.739658e+00 0.000000e+00 
880 1.738606e+00 0.000000e+00 
920 1.781059e+00 0.000000e+00 
960 1.510208e+00 0.000000e+00 
1000 1.487907e+00 0.000000e+00 
];
