version = 'MMult1';
MY_MMult = [
40 1.230769e+00 0.000000e+00 
80 1.372654e+00 0.000000e+00 
120 1.741058e+00 0.000000e+00 
160 1.785527e+00 0.000000e+00 
200 1.804240e+00 0.000000e+00 
240 1.810846e+00 0.000000e+00 
280 1.833382e+00 0.000000e+00 
320 1.834612e+00 0.000000e+00 
360 1.840982e+00 0.000000e+00 
400 1.849417e+00 0.000000e+00 
440 1.857317e+00 0.000000e+00 
480 1.871427e+00 0.000000e+00 
520 1.876825e+00 0.000000e+00 
560 1.887482e+00 0.000000e+00 
600 1.890376e+00 0.000000e+00 
640 1.874888e+00 0.000000e+00 
680 1.821838e+00 0.000000e+00 
720 1.828101e+00 0.000000e+00 
760 1.767794e+00 0.000000e+00 
800 1.789934e+00 0.000000e+00 
];
