version = 'MMult0';
MY_MMult = [
100 1.472754e+00 0.000000e+00 
200 1.861764e+00 0.000000e+00 
300 1.882911e+00 0.000000e+00 
400 1.817846e+00 0.000000e+00 
500 1.913524e+00 0.000000e+00 
600 1.926224e+00 0.000000e+00 
700 1.923368e+00 0.000000e+00 
800 1.892294e+00 0.000000e+00 
900 1.856691e+00 0.000000e+00 
1000 1.850818e+00 0.000000e+00 
1100 1.726628e+00 0.000000e+00 
1200 1.181557e+00 0.000000e+00 
1300 1.571546e+00 0.000000e+00 
1400 1.110207e+00 0.000000e+00 
1500 8.539111e-01 0.000000e+00 
1600 5.837520e-01 0.000000e+00 
1700 6.458529e-01 0.000000e+00 
1800 5.122669e-01 0.000000e+00 
1900 6.330342e-01 0.000000e+00 
2000 5.640508e-01 0.000000e+00 
2100 4.435224e-01 0.000000e+00 
2200 4.228921e-01 0.000000e+00 
2300 4.076291e-01 0.000000e+00 
2400 3.974498e-01 0.000000e+00 
2500 4.067564e-01 0.000000e+00 
];
