version = 'MMult_4x4_9';
MY_MMult = [
40 4.740741e+00 2.664535e-15 
80 4.970874e+00 7.105427e-15 
120 6.106007e+00 1.065814e-14 
160 5.997072e+00 1.421085e-14 
200 5.919349e+00 1.421085e-14 
240 5.873805e+00 1.776357e-14 
280 5.891573e+00 1.776357e-14 
320 5.889288e+00 2.842171e-14 
360 5.913308e+00 2.309264e-14 
400 5.951551e+00 2.842171e-14 
440 5.921724e+00 3.197442e-14 
480 5.787127e+00 3.907985e-14 
520 5.973913e+00 3.907985e-14 
560 5.965015e+00 4.618528e-14 
600 5.956567e+00 4.263256e-14 
640 5.912134e+00 4.440892e-14 
680 6.308322e+00 5.329071e-14 
720 6.207196e+00 4.973799e-14 
760 5.998415e+00 4.973799e-14 
800 5.840282e+00 4.973799e-14 
840 5.776504e+00 6.394885e-14 
880 5.703912e+00 7.105427e-14 
920 5.781485e+00 6.394885e-14 
960 5.734166e+00 6.394885e-14 
1000 5.780781e+00 6.394885e-14 
];
