version = 'MMult1';
MY_MMult = [
40 1.292929e+00 0.000000e+00 
80 1.414365e+00 0.000000e+00 
120 1.752535e+00 0.000000e+00 
160 1.824499e+00 0.000000e+00 
200 1.850781e+00 0.000000e+00 
240 1.868487e+00 0.000000e+00 
280 1.853897e+00 0.000000e+00 
320 1.836874e+00 0.000000e+00 
360 1.852274e+00 0.000000e+00 
400 1.871673e+00 0.000000e+00 
440 1.872217e+00 0.000000e+00 
480 1.879442e+00 0.000000e+00 
520 1.893353e+00 0.000000e+00 
560 1.877252e+00 0.000000e+00 
600 1.907302e+00 0.000000e+00 
640 1.896015e+00 0.000000e+00 
680 1.904229e+00 0.000000e+00 
720 1.908738e+00 0.000000e+00 
760 1.916039e+00 0.000000e+00 
800 1.858358e+00 0.000000e+00 
840 1.843487e+00 0.000000e+00 
880 1.823010e+00 0.000000e+00 
920 1.803278e+00 0.000000e+00 
960 1.777133e+00 0.000000e+00 
1000 1.776901e+00 0.000000e+00 
];
