version = 'MMult_1x4_6';
MY_MMult = [
100 5.633803e+00 7.105427e-15 
200 5.418219e+00 1.598721e-14 
300 6.093433e+00 2.842171e-14 
400 5.744289e+00 2.842171e-14 
500 5.694242e+00 3.907985e-14 
600 5.636890e+00 4.263256e-14 
700 5.722246e+00 4.618528e-14 
800 5.261022e+00 6.039613e-14 
900 5.172799e+00 5.684342e-14 
1000 5.273052e+00 8.526513e-14 
1100 4.290953e+00 7.815970e-14 
1200 2.788325e+00 7.815970e-14 
1300 2.288259e+00 9.237056e-14 
1400 2.497936e+00 9.947598e-14 
1500 1.852062e+00 9.947598e-14 
1600 1.885239e+00 1.065814e-13 
1700 1.639243e+00 1.065814e-13 
1800 1.636330e+00 1.136868e-13 
1900 1.540056e+00 1.314504e-13 
2000 1.451826e+00 1.207923e-13 
2100 1.364212e+00 1.563194e-13 
2200 1.431975e+00 1.776357e-13 
2300 1.324979e+00 1.492140e-13 
2400 1.467772e+00 1.492140e-13 
2500 1.333278e+00 1.847411e-13 
];
