version = 'MMult2';
MY_MMult = [
100 1.780944e+00 0.000000e+00 
200 1.850995e+00 0.000000e+00 
300 1.788968e+00 0.000000e+00 
400 1.819836e+00 0.000000e+00 
500 1.839845e+00 0.000000e+00 
600 1.920828e+00 0.000000e+00 
700 1.920826e+00 0.000000e+00 
800 1.805968e+00 0.000000e+00 
900 1.599563e+00 0.000000e+00 
1000 1.715432e+00 0.000000e+00 
1100 1.592137e+00 0.000000e+00 
1200 1.198198e+00 0.000000e+00 
1300 1.480532e+00 0.000000e+00 
1400 1.137958e+00 0.000000e+00 
1500 8.218944e-01 0.000000e+00 
1600 6.290291e-01 0.000000e+00 
1700 6.007501e-01 0.000000e+00 
1800 4.938839e-01 0.000000e+00 
1900 5.390735e-01 0.000000e+00 
2000 4.280490e-01 0.000000e+00 
2100 4.430673e-01 0.000000e+00 
2200 4.237787e-01 0.000000e+00 
2300 4.106424e-01 0.000000e+00 
2400 3.949099e-01 0.000000e+00 
2500 4.010092e-01 0.000000e+00 
];
