version = 'MMult_4x4_11';
MY_MMult = [
40 7.111111e+00 2.664535e-15 
80 7.585185e+00 7.105427e-15 
120 7.783784e+00 1.065814e-14 
160 7.764929e+00 1.421085e-14 
200 7.699711e+00 2.131628e-14 
240 6.889609e+00 2.486900e-14 
280 7.324658e+00 2.842171e-14 
320 7.593975e+00 3.552714e-14 
360 7.647271e+00 4.973799e-14 
400 7.146845e+00 4.973799e-14 
440 7.607412e+00 4.973799e-14 
480 7.341476e+00 6.039613e-14 
520 7.388949e+00 6.394885e-14 
560 7.613795e+00 6.750156e-14 
600 7.680273e+00 7.460699e-14 
640 7.677376e+00 8.171241e-14 
680 7.660292e+00 9.237056e-14 
720 7.671555e+00 1.101341e-13 
760 7.611399e+00 1.065814e-13 
800 6.994153e+00 8.881784e-14 
840 7.650558e+00 1.065814e-13 
880 7.680981e+00 1.030287e-13 
920 7.727187e+00 1.207923e-13 
960 7.718930e+00 1.278977e-13 
1000 7.724364e+00 1.421085e-13 
];
