version = 'MMult_1x4_7';
MY_MMult = [
40 4.923077e+00 2.664535e-15 
80 5.361257e+00 7.105427e-15 
120 5.750416e+00 1.065814e-14 
160 5.814053e+00 1.421085e-14 
200 5.623902e+00 1.421085e-14 
240 5.487892e+00 1.776357e-14 
280 5.491432e+00 1.776357e-14 
320 5.268167e+00 2.842171e-14 
360 4.968955e+00 2.309264e-14 
400 5.324681e+00 2.842171e-14 
440 5.174427e+00 3.197442e-14 
480 5.267540e+00 3.907985e-14 
520 5.288003e+00 3.907985e-14 
560 5.158652e+00 4.618528e-14 
600 5.326100e+00 4.263256e-14 
640 5.311289e+00 4.440892e-14 
680 5.238307e+00 5.329071e-14 
720 5.123725e+00 4.973799e-14 
760 5.113172e+00 4.973799e-14 
800 5.055642e+00 4.973799e-14 
840 5.000076e+00 6.394885e-14 
880 4.890854e+00 7.105427e-14 
920 4.939127e+00 6.394885e-14 
960 4.873894e+00 6.394885e-14 
1000 4.958165e+00 6.394885e-14 
];
