version = 'MMult_4x4_14';
MY_MMult = [
40 6.400000e+00 2.664535e-15 
80 7.420290e+00 7.105427e-15 
120 7.783784e+00 1.065814e-14 
160 7.824260e+00 1.421085e-14 
200 7.751938e+00 2.131628e-14 
240 7.894917e+00 2.486900e-14 
280 7.838600e+00 2.842171e-14 
320 7.734687e+00 3.552714e-14 
360 7.772114e+00 4.973799e-14 
400 7.794422e+00 4.973799e-14 
440 7.800375e+00 4.973799e-14 
480 7.849249e+00 6.039613e-14 
520 7.803535e+00 6.394885e-14 
560 7.803942e+00 6.750156e-14 
600 7.844134e+00 7.460699e-14 
640 7.881423e+00 8.171241e-14 
680 7.658240e+00 9.237056e-14 
720 7.677867e+00 1.101341e-13 
760 7.675278e+00 1.065814e-13 
800 7.678119e+00 8.881784e-14 
840 7.604668e+00 1.065814e-13 
880 7.751267e+00 1.030287e-13 
920 7.688430e+00 1.207923e-13 
960 7.772706e+00 1.278977e-13 
1000 7.792410e+00 1.421085e-13 
];
