version = 'MMult_1x4_3';
MY_MMult = [
40 1.219048e+00 0.000000e+00 
80 1.349144e+00 0.000000e+00 
120 1.440000e+00 0.000000e+00 
160 1.477900e+00 0.000000e+00 
200 1.783724e+00 0.000000e+00 
240 1.789746e+00 0.000000e+00 
280 1.812717e+00 0.000000e+00 
320 1.824296e+00 0.000000e+00 
360 1.831443e+00 0.000000e+00 
400 1.834521e+00 0.000000e+00 
440 1.847028e+00 0.000000e+00 
480 1.847357e+00 0.000000e+00 
520 1.857339e+00 0.000000e+00 
560 1.856318e+00 0.000000e+00 
600 1.862221e+00 0.000000e+00 
640 1.844818e+00 0.000000e+00 
680 1.827631e+00 0.000000e+00 
720 1.816363e+00 0.000000e+00 
760 1.795451e+00 0.000000e+00 
800 1.753395e+00 0.000000e+00 
];
