version = 'MMult_1x4_8';
MY_MMult = [
40 5.120000e+00 2.664535e-15 
80 5.251282e+00 7.105427e-15 
120 4.951289e+00 1.065814e-14 
160 5.953488e+00 1.421085e-14 
200 5.698006e+00 1.421085e-14 
240 5.643601e+00 1.776357e-14 
280 5.788266e+00 1.776357e-14 
320 5.811990e+00 2.842171e-14 
360 5.407510e+00 2.309264e-14 
400 5.859464e+00 2.842171e-14 
440 5.701931e+00 3.197442e-14 
480 5.919709e+00 3.907985e-14 
520 5.999659e+00 3.907985e-14 
560 5.804240e+00 4.618528e-14 
600 6.141947e+00 4.263256e-14 
640 6.093750e+00 4.440892e-14 
680 5.815169e+00 5.329071e-14 
720 5.500873e+00 4.973799e-14 
760 5.490700e+00 4.973799e-14 
800 5.237477e+00 4.973799e-14 
840 5.150969e+00 6.394885e-14 
880 5.239634e+00 7.105427e-14 
920 5.168066e+00 6.394885e-14 
960 5.219450e+00 6.394885e-14 
1000 5.154692e+00 6.394885e-14 
];
