version = 'MMult_4x4_9';
MY_MMult = [
40 4.740741e+00 2.664535e-15 
80 6.023529e+00 7.105427e-15 
120 6.127660e+00 1.065814e-14 
160 6.182642e+00 1.421085e-14 
200 6.240250e+00 1.421085e-14 
240 6.188004e+00 1.776357e-14 
280 6.133557e+00 1.776357e-14 
320 6.082792e+00 2.842171e-14 
360 6.076978e+00 2.309264e-14 
400 6.068652e+00 2.842171e-14 
440 5.998451e+00 3.197442e-14 
480 5.770670e+00 3.907985e-14 
520 5.908520e+00 3.907985e-14 
560 5.960561e+00 4.618528e-14 
600 5.943373e+00 4.263256e-14 
640 5.947275e+00 4.440892e-14 
680 5.670908e+00 5.329071e-14 
720 5.831727e+00 4.973799e-14 
760 5.683972e+00 4.973799e-14 
800 5.738913e+00 4.973799e-14 
840 5.142032e+00 6.394885e-14 
880 5.089581e+00 7.105427e-14 
920 4.629990e+00 6.394885e-14 
960 4.732006e+00 6.394885e-14 
1000 4.376530e+00 6.394885e-14 
];
