version = 'MMult_4x4_10';
MY_MMult = [
100 6.578947e+00 7.105427e-15 
200 8.020050e+00 1.598721e-14 
300 7.852261e+00 2.842171e-14 
400 7.264060e+00 2.842171e-14 
500 7.555609e+00 3.907985e-14 
600 7.322654e+00 4.263256e-14 
700 7.323114e+00 4.618528e-14 
800 6.801908e+00 6.039613e-14 
900 6.697690e+00 5.684342e-14 
1000 6.704480e+00 8.526513e-14 
1100 6.351282e+00 7.815970e-14 
1200 5.815548e+00 7.815970e-14 
1300 5.883243e+00 9.237056e-14 
1400 5.494693e+00 9.947598e-14 
1500 5.236601e+00 9.947598e-14 
1600 4.797360e+00 1.065814e-13 
1700 4.928164e+00 1.065814e-13 
1800 4.776655e+00 1.136868e-13 
1900 4.708310e+00 1.314504e-13 
2000 4.671949e+00 1.207923e-13 
2100 4.239145e+00 1.563194e-13 
2200 4.043545e+00 1.776357e-13 
2300 4.159394e+00 1.492140e-13 
2400 4.209309e+00 1.492140e-13 
2500 4.150102e+00 1.847411e-13 
];
