version = 'MMult_1x4_9';
MY_MMult = [
100 5.882353e+00 7.105427e-15 
200 6.617039e+00 1.598721e-14 
300 5.964215e+00 2.842171e-14 
400 5.778520e+00 2.842171e-14 
500 5.723181e+00 3.907985e-14 
600 5.686530e+00 4.263256e-14 
700 5.776064e+00 4.618528e-14 
800 5.753423e+00 6.039613e-14 
900 5.545814e+00 5.684342e-14 
1000 5.244966e+00 8.526513e-14 
1100 4.625656e+00 7.815970e-14 
1200 2.689963e+00 7.815970e-14 
1300 2.313167e+00 9.237056e-14 
1400 2.553296e+00 9.947598e-14 
1500 1.848900e+00 9.947598e-14 
1600 1.933823e+00 1.065814e-13 
1700 1.567724e+00 1.065814e-13 
1800 1.641900e+00 1.136868e-13 
1900 1.537883e+00 1.314504e-13 
2000 1.451745e+00 1.207923e-13 
2100 1.369074e+00 1.563194e-13 
2200 1.431641e+00 1.776357e-13 
2300 1.325466e+00 1.492140e-13 
2400 1.468970e+00 1.492140e-13 
2500 1.334741e+00 1.847411e-13 
];
