version = 'MMult_4x4_13';
MY_MMult = [
100 6.024096e+00 7.105427e-15 
200 6.748208e+00 1.776357e-14 
300 7.827221e+00 3.552714e-14 
400 7.888088e+00 5.329071e-14 
500 7.906638e+00 6.394885e-14 
600 7.752077e+00 6.394885e-14 
700 7.869319e+00 7.460699e-14 
800 7.506781e+00 9.237056e-14 
900 7.776083e+00 1.421085e-13 
1000 7.776171e+00 1.278977e-13 
1100 7.765325e+00 1.492140e-13 
1200 7.598778e+00 1.705303e-13 
1300 7.840632e+00 1.705303e-13 
1400 7.695252e+00 2.131628e-13 
1500 7.872675e+00 2.486900e-13 
1600 7.678155e+00 2.344791e-13 
1700 7.799440e+00 2.771117e-13 
1800 7.778334e+00 2.451372e-13 
1900 7.819327e+00 2.486900e-13 
2000 7.780307e+00 2.842171e-13 
2100 7.811897e+00 2.842171e-13 
2200 7.794571e+00 3.055334e-13 
2300 7.853330e+00 3.126388e-13 
2400 7.760565e+00 3.623768e-13 
2500 7.812406e+00 5.968559e-13 
];
