version = 'MMult_4x4_14';
MY_MMult = [
100 5.602241e+00 7.105427e-15 
200 7.529412e+00 1.776357e-14 
300 7.728639e+00 3.552714e-14 
400 7.871595e+00 5.329071e-14 
500 7.628696e+00 6.394885e-14 
600 7.856402e+00 6.394885e-14 
700 7.881705e+00 7.460699e-14 
800 7.924777e+00 9.237056e-14 
900 7.717879e+00 1.421085e-13 
1000 7.405405e+00 1.278977e-13 
1100 7.719074e+00 1.492140e-13 
1200 7.780174e+00 1.705303e-13 
1300 7.811625e+00 1.705303e-13 
1400 7.829944e+00 2.131628e-13 
1500 7.813649e+00 2.486900e-13 
1600 7.825030e+00 2.344791e-13 
1700 7.831042e+00 2.771117e-13 
1800 7.818517e+00 2.451372e-13 
1900 7.847395e+00 2.486900e-13 
2000 7.827172e+00 2.842171e-13 
2100 7.802781e+00 2.842171e-13 
2200 7.797599e+00 3.055334e-13 
2300 7.843800e+00 3.126388e-13 
2400 7.816730e+00 3.623768e-13 
2500 7.801578e+00 5.968559e-13 
];
