version = 'MMult_1x4_3';
MY_MMult = [
40 1.471264e+00 0.000000e+00 
80 1.622821e+00 0.000000e+00 
120 1.727136e+00 0.000000e+00 
160 1.777392e+00 0.000000e+00 
200 1.803427e+00 0.000000e+00 
240 1.819187e+00 0.000000e+00 
280 1.843002e+00 0.000000e+00 
320 1.850359e+00 0.000000e+00 
360 1.872269e+00 0.000000e+00 
400 1.880307e+00 0.000000e+00 
440 1.871806e+00 0.000000e+00 
480 1.868976e+00 0.000000e+00 
520 1.906355e+00 0.000000e+00 
560 1.910718e+00 0.000000e+00 
600 1.908035e+00 0.000000e+00 
640 1.920814e+00 0.000000e+00 
680 1.920383e+00 0.000000e+00 
720 1.703621e+00 0.000000e+00 
760 1.933691e+00 0.000000e+00 
800 1.937735e+00 0.000000e+00 
840 1.939876e+00 0.000000e+00 
880 1.933503e+00 0.000000e+00 
920 1.920365e+00 0.000000e+00 
960 1.876898e+00 0.000000e+00 
1000 1.813464e+00 0.000000e+00 
];
