version = 'MMult2';
MY_MMult = [
40 1.196262e+00 0.000000e+00 
80 1.352708e+00 0.000000e+00 
120 1.664740e+00 0.000000e+00 
160 1.775466e+00 0.000000e+00 
200 1.700138e+00 0.000000e+00 
240 1.796608e+00 0.000000e+00 
280 1.819855e+00 0.000000e+00 
320 1.818071e+00 0.000000e+00 
360 1.831514e+00 0.000000e+00 
400 1.838420e+00 0.000000e+00 
440 1.844668e+00 0.000000e+00 
480 1.846662e+00 0.000000e+00 
520 1.857155e+00 0.000000e+00 
560 1.863428e+00 0.000000e+00 
600 1.863177e+00 0.000000e+00 
640 1.849138e+00 0.000000e+00 
680 1.919639e+00 0.000000e+00 
720 1.819391e+00 0.000000e+00 
760 1.781031e+00 0.000000e+00 
800 1.770860e+00 0.000000e+00 
];
