version = 'MMult1';
MY_MMult = [
40 1.230769e+00 0.000000e+00 
80 1.374497e+00 0.000000e+00 
120 1.602225e+00 0.000000e+00 
160 1.781257e+00 0.000000e+00 
200 1.807297e+00 0.000000e+00 
240 1.813221e+00 0.000000e+00 
280 1.830706e+00 0.000000e+00 
320 1.838472e+00 0.000000e+00 
360 1.878677e+00 0.000000e+00 
400 1.886653e+00 0.000000e+00 
440 1.894831e+00 0.000000e+00 
480 1.900386e+00 0.000000e+00 
520 1.907907e+00 0.000000e+00 
560 1.913987e+00 0.000000e+00 
600 1.916346e+00 0.000000e+00 
640 1.882650e+00 0.000000e+00 
680 1.862821e+00 0.000000e+00 
720 1.723376e+00 0.000000e+00 
760 1.937318e+00 0.000000e+00 
800 1.931514e+00 0.000000e+00 
840 1.818674e+00 0.000000e+00 
880 1.778657e+00 0.000000e+00 
920 1.941439e+00 0.000000e+00 
960 1.932761e+00 0.000000e+00 
1000 1.906950e+00 0.000000e+00 
];
