version = 'MMult_1x4_6';
MY_MMult = [
40 4.266667e+00 2.664535e-15 
80 4.633484e+00 7.105427e-15 
120 4.937143e+00 1.065814e-14 
160 5.966497e+00 1.421085e-14 
200 5.759539e+00 1.421085e-14 
240 5.427562e+00 1.776357e-14 
280 5.637391e+00 1.776357e-14 
320 5.551546e+00 2.842171e-14 
360 4.810641e+00 2.309264e-14 
400 5.977119e+00 2.842171e-14 
440 5.971329e+00 3.197442e-14 
480 5.966336e+00 3.907985e-14 
520 6.017761e+00 3.907985e-14 
560 6.100849e+00 4.618528e-14 
600 5.515480e+00 4.263256e-14 
640 5.410888e+00 4.440892e-14 
680 6.223480e+00 5.329071e-14 
720 6.167401e+00 4.973799e-14 
760 5.036988e+00 4.973799e-14 
800 4.992297e+00 4.973799e-14 
840 3.540476e+00 6.394885e-14 
880 4.932484e+00 7.105427e-14 
920 4.864322e+00 6.394885e-14 
960 4.896457e+00 6.394885e-14 
1000 4.840259e+00 6.394885e-14 
];
