version = 'MMult_1x4_5';
MY_MMult = [
40 1.662338e+00 0.000000e+00 
80 1.706667e+00 0.000000e+00 
120 1.730596e+00 0.000000e+00 
160 2.101052e+00 0.000000e+00 
200 2.102497e+00 0.000000e+00 
240 2.102829e+00 0.000000e+00 
280 2.120044e+00 0.000000e+00 
320 2.102062e+00 0.000000e+00 
360 2.113570e+00 0.000000e+00 
400 2.126422e+00 0.000000e+00 
440 2.102530e+00 0.000000e+00 
480 2.124808e+00 0.000000e+00 
520 2.113056e+00 0.000000e+00 
560 2.099866e+00 0.000000e+00 
600 2.109056e+00 0.000000e+00 
640 2.116001e+00 0.000000e+00 
680 2.099341e+00 0.000000e+00 
720 2.082607e+00 0.000000e+00 
760 2.071790e+00 0.000000e+00 
800 2.043472e+00 0.000000e+00 
840 1.989217e+00 0.000000e+00 
880 2.049786e+00 0.000000e+00 
920 1.794156e+00 0.000000e+00 
960 1.856690e+00 0.000000e+00 
1000 2.041250e+00 0.000000e+00 
];
