version = 'MMult_1x4_5';
MY_MMult = [
40 2.000000e+00 0.000000e+00 
80 2.081301e+00 0.000000e+00 
120 2.084439e+00 0.000000e+00 
160 2.118438e+00 0.000000e+00 
200 2.125681e+00 0.000000e+00 
240 2.129390e+00 0.000000e+00 
280 2.135305e+00 0.000000e+00 
320 2.135488e+00 0.000000e+00 
360 2.116062e+00 0.000000e+00 
400 2.142546e+00 0.000000e+00 
440 2.142239e+00 0.000000e+00 
480 2.144794e+00 0.000000e+00 
520 2.147818e+00 0.000000e+00 
560 2.116812e+00 0.000000e+00 
600 2.147822e+00 0.000000e+00 
640 2.088464e+00 0.000000e+00 
680 1.977025e+00 0.000000e+00 
720 2.022087e+00 0.000000e+00 
760 2.114997e+00 0.000000e+00 
800 2.149581e+00 0.000000e+00 
840 2.136918e+00 0.000000e+00 
880 2.133497e+00 0.000000e+00 
920 2.130782e+00 0.000000e+00 
960 2.076645e+00 0.000000e+00 
1000 1.957748e+00 0.000000e+00 
];
