version = 'MMult_1x4_3';
MY_MMult = [
40 1.207547e+00 0.000000e+00 
80 1.356291e+00 0.000000e+00 
120 1.434025e+00 0.000000e+00 
160 1.782032e+00 0.000000e+00 
200 1.798763e+00 0.000000e+00 
240 1.814888e+00 0.000000e+00 
280 1.842074e+00 0.000000e+00 
320 1.861342e+00 0.000000e+00 
360 1.872720e+00 0.000000e+00 
400 1.881274e+00 0.000000e+00 
440 1.872279e+00 0.000000e+00 
480 1.850850e+00 0.000000e+00 
520 1.865768e+00 0.000000e+00 
560 1.895539e+00 0.000000e+00 
600 1.865357e+00 0.000000e+00 
640 1.847607e+00 0.000000e+00 
680 1.799752e+00 0.000000e+00 
720 1.921428e+00 0.000000e+00 
760 1.921486e+00 0.000000e+00 
800 1.706627e+00 0.000000e+00 
840 1.920454e+00 0.000000e+00 
880 1.728918e+00 0.000000e+00 
920 1.899603e+00 0.000000e+00 
960 1.679150e+00 0.000000e+00 
1000 1.594144e+00 0.000000e+00 
];
