version = 'MMult_4x4_10';
MY_MMult = [
40 7.111111e+00 2.664535e-15 
80 7.641791e+00 7.105427e-15 
120 7.801354e+00 1.065814e-14 
160 7.564174e+00 1.421085e-14 
200 7.575758e+00 1.421085e-14 
240 7.603960e+00 1.776357e-14 
280 7.620899e+00 1.776357e-14 
320 7.632891e+00 2.842171e-14 
360 7.618550e+00 2.309264e-14 
400 7.605918e+00 2.842171e-14 
440 7.856853e+00 3.197442e-14 
480 7.829799e+00 3.907985e-14 
520 7.635100e+00 3.907985e-14 
560 7.819404e+00 4.618528e-14 
600 7.848837e+00 4.263256e-14 
640 7.827881e+00 4.440892e-14 
680 7.128927e+00 5.329071e-14 
720 6.940404e+00 4.973799e-14 
760 6.803403e+00 4.973799e-14 
800 6.677100e+00 4.973799e-14 
840 6.632878e+00 6.394885e-14 
880 6.563692e+00 7.105427e-14 
920 6.462087e+00 6.394885e-14 
960 6.333885e+00 6.394885e-14 
1000 6.257470e+00 6.394885e-14 
];
