version = 'MMult_4x4_9';
MY_MMult = [
100 4.950495e+00 7.105427e-15 
200 6.240250e+00 1.598721e-14 
300 6.167200e+00 2.842171e-14 
400 6.007415e+00 2.842171e-14 
500 6.059431e+00 3.907985e-14 
600 5.890213e+00 4.263256e-14 
700 5.993674e+00 4.618528e-14 
800 5.881542e+00 6.039613e-14 
900 5.540187e+00 5.684342e-14 
1000 4.205948e+00 8.526513e-14 
1100 4.782549e+00 7.815970e-14 
1200 4.469054e+00 7.815970e-14 
1300 4.290421e+00 9.237056e-14 
1400 4.091986e+00 9.947598e-14 
1500 3.876103e+00 9.947598e-14 
1600 3.344155e+00 1.065814e-13 
1700 3.487058e+00 1.065814e-13 
1800 3.481704e+00 1.136868e-13 
1900 3.344910e+00 1.314504e-13 
2000 3.365801e+00 1.207923e-13 
2100 3.217537e+00 1.563194e-13 
2200 3.016183e+00 1.776357e-13 
2300 3.115324e+00 1.492140e-13 
2400 3.057581e+00 1.492140e-13 
2500 3.038629e+00 1.847411e-13 
];
