version = 'MMult_1x4_4';
MY_MMult = [
40 1.454545e+00 0.000000e+00 
80 1.630573e+00 0.000000e+00 
120 1.737557e+00 0.000000e+00 
160 1.789819e+00 0.000000e+00 
200 1.790911e+00 0.000000e+00 
240 1.811677e+00 0.000000e+00 
280 1.843389e+00 0.000000e+00 
320 1.852608e+00 0.000000e+00 
360 1.857029e+00 0.000000e+00 
400 1.869705e+00 0.000000e+00 
440 1.870203e+00 0.000000e+00 
480 1.884727e+00 0.000000e+00 
520 1.895204e+00 0.000000e+00 
560 1.901100e+00 0.000000e+00 
600 1.910744e+00 0.000000e+00 
640 1.889789e+00 0.000000e+00 
680 1.861933e+00 0.000000e+00 
720 1.888668e+00 0.000000e+00 
760 1.816717e+00 0.000000e+00 
800 1.810291e+00 0.000000e+00 
840 1.789865e+00 0.000000e+00 
880 1.783573e+00 0.000000e+00 
920 1.793747e+00 0.000000e+00 
960 1.821830e+00 0.000000e+00 
1000 1.780242e+00 0.000000e+00 
];
