version = 'MMult_4x4_12';
MY_MMult = [
100 4.535147e+00 7.105427e-15 
200 5.519145e+00 1.776357e-14 
300 5.460613e+00 3.552714e-14 
400 5.472658e+00 5.329071e-14 
500 5.515111e+00 6.394885e-14 
600 5.465310e+00 6.394885e-14 
700 5.541195e+00 7.460699e-14 
800 5.252359e+00 9.237056e-14 
900 5.612679e+00 1.421085e-13 
1000 5.530668e+00 1.278977e-13 
1100 5.482657e+00 1.492140e-13 
1200 5.565916e+00 1.705303e-13 
1300 5.481817e+00 1.705303e-13 
1400 5.502124e+00 2.131628e-13 
1500 5.384506e+00 2.486900e-13 
1600 5.274089e+00 2.344791e-13 
1700 5.510362e+00 2.771117e-13 
1800 5.536897e+00 2.451372e-13 
1900 5.591404e+00 2.486900e-13 
2000 5.465341e+00 2.842171e-13 
2100 5.392884e+00 2.842171e-13 
2200 5.518608e+00 3.055334e-13 
2300 5.593038e+00 3.126388e-13 
2400 5.264429e+00 3.623768e-13 
2500 5.473648e+00 5.968559e-13 
];
