version = 'MMult2';
MY_MMult = [
40 1.542169e+00 0.000000e+00 
80 1.656958e+00 0.000000e+00 
120 1.743693e+00 0.000000e+00 
160 1.799649e+00 0.000000e+00 
200 1.830035e+00 0.000000e+00 
240 1.847264e+00 0.000000e+00 
280 1.863814e+00 0.000000e+00 
320 1.874760e+00 0.000000e+00 
360 1.886921e+00 0.000000e+00 
400 1.865101e+00 0.000000e+00 
440 1.891927e+00 0.000000e+00 
480 1.898200e+00 0.000000e+00 
520 1.898287e+00 0.000000e+00 
560 1.901038e+00 0.000000e+00 
600 1.905695e+00 0.000000e+00 
640 1.851639e+00 0.000000e+00 
680 1.856633e+00 0.000000e+00 
720 1.877699e+00 0.000000e+00 
760 1.845433e+00 0.000000e+00 
800 1.795364e+00 0.000000e+00 
840 1.760022e+00 0.000000e+00 
880 1.743303e+00 0.000000e+00 
920 1.733938e+00 0.000000e+00 
960 1.726612e+00 0.000000e+00 
1000 1.762520e+00 0.000000e+00 
];
