version = 'MMult2';
MY_MMult = [
40 1.196262e+00 0.000000e+00 
80 1.349144e+00 0.000000e+00 
120 1.722832e+00 0.000000e+00 
160 1.813192e+00 0.000000e+00 
200 1.738941e+00 0.000000e+00 
240 1.813340e+00 0.000000e+00 
280 1.836142e+00 0.000000e+00 
320 1.733069e+00 0.000000e+00 
360 1.861846e+00 0.000000e+00 
400 1.875568e+00 0.000000e+00 
440 1.863330e+00 0.000000e+00 
480 1.874663e+00 0.000000e+00 
520 1.882693e+00 0.000000e+00 
560 1.875758e+00 0.000000e+00 
600 1.886232e+00 0.000000e+00 
640 1.890341e+00 0.000000e+00 
680 1.869388e+00 0.000000e+00 
720 1.895728e+00 0.000000e+00 
760 1.811776e+00 0.000000e+00 
800 1.792215e+00 0.000000e+00 
840 1.799831e+00 0.000000e+00 
880 1.922314e+00 0.000000e+00 
920 1.793313e+00 0.000000e+00 
960 1.810363e+00 0.000000e+00 
1000 1.757811e+00 0.000000e+00 
];
