version = 'MMult1';
MY_MMult = [
100 1.784121e+00 0.000000e+00 
200 1.859600e+00 0.000000e+00 
300 1.895003e+00 0.000000e+00 
400 1.835362e+00 0.000000e+00 
500 1.917119e+00 0.000000e+00 
600 1.925743e+00 0.000000e+00 
700 1.936365e+00 0.000000e+00 
800 1.876733e+00 0.000000e+00 
900 1.883042e+00 0.000000e+00 
1000 1.826834e+00 0.000000e+00 
1100 1.672684e+00 0.000000e+00 
1200 1.319139e+00 0.000000e+00 
1300 9.853094e-01 0.000000e+00 
1400 1.235423e+00 0.000000e+00 
1500 1.005481e+00 0.000000e+00 
1600 7.003264e-01 0.000000e+00 
1700 6.718675e-01 0.000000e+00 
1800 6.366123e-01 0.000000e+00 
1900 5.594671e-01 0.000000e+00 
2000 4.809862e-01 0.000000e+00 
2100 4.586215e-01 0.000000e+00 
2200 4.344164e-01 0.000000e+00 
2300 4.324137e-01 0.000000e+00 
2400 4.102404e-01 0.000000e+00 
2500 4.138687e-01 0.000000e+00 
];
