version = 'MMult_1x4_8';
MY_MMult = [
100 5.882353e+00 7.105427e-15 
200 5.561349e+00 1.598721e-14 
300 6.208324e+00 2.842171e-14 
400 5.678289e+00 2.842171e-14 
500 5.218880e+00 3.907985e-14 
600 5.592812e+00 4.263256e-14 
700 5.771156e+00 4.618528e-14 
800 5.316001e+00 6.039613e-14 
900 5.541219e+00 5.684342e-14 
1000 5.274888e+00 8.526513e-14 
1100 3.658523e+00 7.815970e-14 
1200 1.933162e+00 7.815970e-14 
1300 2.282747e+00 9.237056e-14 
1400 2.535749e+00 9.947598e-14 
1500 1.866296e+00 9.947598e-14 
1600 1.907317e+00 1.065814e-13 
1700 1.587894e+00 1.065814e-13 
1800 1.667430e+00 1.136868e-13 
1900 1.538642e+00 1.314504e-13 
2000 1.453349e+00 1.207923e-13 
2100 1.367219e+00 1.563194e-13 
2200 1.436775e+00 1.776357e-13 
2300 1.327671e+00 1.492140e-13 
2400 1.468690e+00 1.492140e-13 
2500 1.334358e+00 1.847411e-13 
];
