version = 'MMult_1x4_5';
MY_MMult = [
40 1.969231e+00 0.000000e+00 
80 2.048000e+00 0.000000e+00 
120 2.078172e+00 0.000000e+00 
160 2.109166e+00 0.000000e+00 
200 2.104156e+00 0.000000e+00 
240 2.108924e+00 0.000000e+00 
280 2.116467e+00 0.000000e+00 
320 2.119877e+00 0.000000e+00 
360 2.105273e+00 0.000000e+00 
400 2.118574e+00 0.000000e+00 
440 2.119638e+00 0.000000e+00 
480 2.122341e+00 0.000000e+00 
520 2.132476e+00 0.000000e+00 
560 2.131094e+00 0.000000e+00 
600 2.131944e+00 0.000000e+00 
640 2.132483e+00 0.000000e+00 
680 2.135108e+00 0.000000e+00 
720 2.134443e+00 0.000000e+00 
760 2.136407e+00 0.000000e+00 
800 2.139726e+00 0.000000e+00 
840 2.138109e+00 0.000000e+00 
880 2.133170e+00 0.000000e+00 
920 2.122115e+00 0.000000e+00 
960 2.097030e+00 0.000000e+00 
1000 2.079666e+00 0.000000e+00 
];
