version = 'MMult_4x4_13';
MY_MMult = [
40 5.565217e+00 2.664535e-15 
80 6.320988e+00 7.105427e-15 
120 6.471910e+00 1.065814e-14 
160 6.574639e+00 1.421085e-14 
200 7.835455e+00 2.131628e-14 
240 7.953970e+00 2.486900e-14 
280 7.910631e+00 2.842171e-14 
320 7.854267e+00 3.552714e-14 
360 7.847279e+00 4.973799e-14 
400 7.818704e+00 4.973799e-14 
440 7.691905e+00 4.973799e-14 
480 7.776395e+00 6.039613e-14 
520 7.754260e+00 6.394885e-14 
560 7.743381e+00 6.750156e-14 
600 7.786590e+00 7.460699e-14 
640 7.736284e+00 8.171241e-14 
680 7.760113e+00 9.237056e-14 
720 7.779728e+00 1.101341e-13 
760 7.808807e+00 1.065814e-13 
800 7.783284e+00 8.881784e-14 
840 7.781536e+00 1.065814e-13 
880 7.894489e+00 1.030287e-13 
920 7.897444e+00 1.207923e-13 
960 7.878536e+00 1.278977e-13 
1000 7.891944e+00 1.421085e-13 
];
