version = 'MMult_1x4_4';
MY_MMult = [
40 1.471264e+00 0.000000e+00 
80 1.627981e+00 0.000000e+00 
120 1.741058e+00 0.000000e+00 
160 1.778936e+00 0.000000e+00 
200 1.787110e+00 0.000000e+00 
240 1.799649e+00 0.000000e+00 
280 1.820761e+00 0.000000e+00 
320 1.824905e+00 0.000000e+00 
360 1.832846e+00 0.000000e+00 
400 1.837998e+00 0.000000e+00 
440 1.845507e+00 0.000000e+00 
480 1.852369e+00 0.000000e+00 
520 1.854449e+00 0.000000e+00 
560 1.854651e+00 0.000000e+00 
600 1.830353e+00 0.000000e+00 
640 1.831587e+00 0.000000e+00 
680 1.732026e+00 0.000000e+00 
720 1.824019e+00 0.000000e+00 
760 1.796439e+00 0.000000e+00 
800 1.686418e+00 0.000000e+00 
840 1.729114e+00 0.000000e+00 
880 1.719072e+00 0.000000e+00 
920 1.708678e+00 0.000000e+00 
960 1.744140e+00 0.000000e+00 
1000 1.445516e+00 0.000000e+00 
];
