version = 'MMult_4x4_11';
MY_MMult = [
100 7.905138e+00 7.105427e-15 
200 7.893439e+00 1.776357e-14 
300 7.832898e+00 3.552714e-14 
400 7.789205e+00 5.329071e-14 
500 7.778711e+00 6.394885e-14 
600 7.648725e+00 6.394885e-14 
700 7.708385e+00 7.460699e-14 
800 7.503646e+00 9.237056e-14 
900 7.451283e+00 1.421085e-13 
1000 7.585556e+00 1.278977e-13 
1100 7.594214e+00 1.492140e-13 
1200 7.565476e+00 1.705303e-13 
1300 7.591424e+00 1.705303e-13 
1400 7.653762e+00 2.131628e-13 
1500 7.635911e+00 2.486900e-13 
1600 7.293597e+00 2.344791e-13 
1700 7.645967e+00 2.771117e-13 
1800 7.622269e+00 2.451372e-13 
1900 7.612344e+00 2.486900e-13 
2000 7.606953e+00 2.842171e-13 
2100 7.606833e+00 2.842171e-13 
2200 7.591886e+00 3.055334e-13 
2300 7.643661e+00 3.126388e-13 
2400 7.328650e+00 3.623768e-13 
2500 7.600296e+00 5.968559e-13 
];
