version = 'MMult_1x4_3';
MY_MMult = [
100 1.482580e+00 0.000000e+00 
200 1.859384e+00 0.000000e+00 
300 1.897467e+00 0.000000e+00 
400 1.897139e+00 0.000000e+00 
500 1.907844e+00 0.000000e+00 
600 1.916508e+00 0.000000e+00 
700 1.899945e+00 0.000000e+00 
800 1.816105e+00 0.000000e+00 
900 1.612971e+00 0.000000e+00 
1000 1.529746e+00 0.000000e+00 
1100 1.591239e+00 0.000000e+00 
1200 1.498963e+00 0.000000e+00 
1300 1.075071e+00 0.000000e+00 
1400 1.319105e+00 0.000000e+00 
1500 8.804970e-01 0.000000e+00 
1600 5.804065e-01 0.000000e+00 
1700 5.982503e-01 0.000000e+00 
1800 5.348567e-01 0.000000e+00 
1900 5.329313e-01 0.000000e+00 
2000 4.281515e-01 0.000000e+00 
2100 4.362331e-01 0.000000e+00 
2200 4.237718e-01 0.000000e+00 
2300 4.109616e-01 0.000000e+00 
2400 3.924987e-01 0.000000e+00 
2500 4.046940e-01 0.000000e+00 
];
