version = 'MMult_1x4_4';
MY_MMult = [
40 1.454545e+00 0.000000e+00 
80 1.635783e+00 0.000000e+00 
120 1.733200e+00 0.000000e+00 
160 1.777007e+00 0.000000e+00 
200 1.799370e+00 0.000000e+00 
240 1.817512e+00 0.000000e+00 
280 1.845016e+00 0.000000e+00 
320 1.860444e+00 0.000000e+00 
360 1.856807e+00 0.000000e+00 
400 1.834941e+00 0.000000e+00 
440 1.847929e+00 0.000000e+00 
480 1.851392e+00 0.000000e+00 
520 1.870322e+00 0.000000e+00 
560 1.897854e+00 0.000000e+00 
600 1.867696e+00 0.000000e+00 
640 1.902310e+00 0.000000e+00 
680 1.924420e+00 0.000000e+00 
720 1.929294e+00 0.000000e+00 
760 1.932045e+00 0.000000e+00 
800 1.933977e+00 0.000000e+00 
840 1.848515e+00 0.000000e+00 
880 1.833454e+00 0.000000e+00 
920 1.816267e+00 0.000000e+00 
960 1.842423e+00 0.000000e+00 
1000 1.803044e+00 0.000000e+00 
];
