version = 'MMult2';
MY_MMult = [
40 1.454545e+00 0.000000e+00 
80 1.627981e+00 0.000000e+00 
120 1.436409e+00 0.000000e+00 
160 1.766659e+00 0.000000e+00 
200 1.775017e+00 0.000000e+00 
240 1.787663e+00 0.000000e+00 
280 1.812866e+00 0.000000e+00 
320 1.816710e+00 0.000000e+00 
360 1.831514e+00 0.000000e+00 
400 1.761872e+00 0.000000e+00 
440 1.842693e+00 0.000000e+00 
480 1.849380e+00 0.000000e+00 
520 1.854803e+00 0.000000e+00 
560 1.855396e+00 0.000000e+00 
600 1.866599e+00 0.000000e+00 
640 1.863386e+00 0.000000e+00 
680 1.833829e+00 0.000000e+00 
720 1.838986e+00 0.000000e+00 
760 1.787846e+00 0.000000e+00 
800 1.790379e+00 0.000000e+00 
];
