version = 'MMult_1x4_8';
MY_MMult = [
40 5.565217e+00 2.664535e-15 
80 5.446809e+00 7.105427e-15 
120 4.972662e+00 1.065814e-14 
160 6.224924e+00 1.421085e-14 
200 6.232957e+00 1.421085e-14 
240 6.150834e+00 1.776357e-14 
280 6.013423e+00 1.776357e-14 
320 5.879250e+00 2.842171e-14 
360 5.417557e+00 2.309264e-14 
400 5.707406e+00 2.842171e-14 
440 5.361193e+00 3.197442e-14 
480 5.964566e+00 3.907985e-14 
520 5.677576e+00 3.907985e-14 
560 5.728975e+00 4.618528e-14 
600 5.662455e+00 4.263256e-14 
640 5.605680e+00 4.440892e-14 
680 5.632913e+00 5.329071e-14 
720 5.595041e+00 4.973799e-14 
760 5.553108e+00 4.973799e-14 
800 5.485411e+00 4.973799e-14 
840 5.535332e+00 6.394885e-14 
880 5.324416e+00 7.105427e-14 
920 5.279652e+00 6.394885e-14 
960 5.326222e+00 6.394885e-14 
1000 5.288683e+00 6.394885e-14 
];
