version = 'MMult_1x4_7';
MY_MMult = [
40 5.120000e+00 2.664535e-15 
80 5.535135e+00 7.105427e-15 
120 5.779264e+00 1.065814e-14 
160 5.975201e+00 1.421085e-14 
200 6.003752e+00 1.421085e-14 
240 5.862595e+00 1.776357e-14 
280 5.779884e+00 1.776357e-14 
320 5.691359e+00 2.842171e-14 
360 5.496377e+00 2.309264e-14 
400 5.584886e+00 2.842171e-14 
440 5.528018e+00 3.197442e-14 
480 5.523386e+00 3.907985e-14 
520 5.528565e+00 3.907985e-14 
560 5.848311e+00 4.618528e-14 
600 5.475910e+00 4.263256e-14 
640 5.544794e+00 4.440892e-14 
680 5.537383e+00 5.329071e-14 
720 5.543932e+00 4.973799e-14 
760 5.526786e+00 4.973799e-14 
800 5.443826e+00 4.973799e-14 
840 5.423247e+00 6.394885e-14 
880 5.315445e+00 7.105427e-14 
920 5.239597e+00 6.394885e-14 
960 5.214575e+00 6.394885e-14 
1000 5.055561e+00 6.394885e-14 
];
