version = 'MMult_4x4_10';
MY_MMult = [
40 5.818182e+00 2.664535e-15 
80 6.360248e+00 7.105427e-15 
120 7.766292e+00 1.065814e-14 
160 7.809342e+00 1.421085e-14 
200 7.797271e+00 1.421085e-14 
240 7.692821e+00 1.776357e-14 
280 7.609012e+00 1.776357e-14 
320 7.589577e+00 2.842171e-14 
360 7.454821e+00 2.309264e-14 
400 7.509534e+00 2.842171e-14 
440 7.347882e+00 3.197442e-14 
480 7.464111e+00 3.907985e-14 
520 7.460300e+00 3.907985e-14 
560 7.155879e+00 4.618528e-14 
600 7.174530e+00 4.263256e-14 
640 7.102441e+00 4.440892e-14 
680 7.008325e+00 5.329071e-14 
720 6.805010e+00 4.973799e-14 
760 6.870056e+00 4.973799e-14 
800 6.884034e+00 4.973799e-14 
840 6.896277e+00 6.394885e-14 
880 6.689755e+00 7.105427e-14 
920 6.727326e+00 6.394885e-14 
960 6.771129e+00 6.394885e-14 
1000 6.820864e+00 6.394885e-14 
];
