version = 'MMult0';
MY_MMult = [
40 1.219048e+00 0.000000e+00 
80 1.368984e+00 0.000000e+00 
120 1.748988e+00 0.000000e+00 
160 1.798463e+00 0.000000e+00 
200 1.803833e+00 0.000000e+00 
240 1.729081e+00 0.000000e+00 
280 1.841225e+00 0.000000e+00 
320 1.857017e+00 0.000000e+00 
360 1.871030e+00 0.000000e+00 
400 1.881716e+00 0.000000e+00 
440 1.889346e+00 0.000000e+00 
480 1.881296e+00 0.000000e+00 
520 1.890477e+00 0.000000e+00 
560 1.901048e+00 0.000000e+00 
600 1.794325e+00 0.000000e+00 
640 1.919984e+00 0.000000e+00 
680 1.926643e+00 0.000000e+00 
720 1.925929e+00 0.000000e+00 
760 1.841682e+00 0.000000e+00 
800 1.812954e+00 0.000000e+00 
840 1.943190e+00 0.000000e+00 
880 1.933317e+00 0.000000e+00 
920 1.864464e+00 0.000000e+00 
960 1.871590e+00 0.000000e+00 
1000 1.916682e+00 0.000000e+00 
];
