version = 'MMult_1x4_6';
MY_MMult = [
40 4.571429e+00 2.664535e-15 
80 4.785047e+00 7.105427e-15 
120 5.060029e+00 1.065814e-14 
160 6.220197e+00 1.421085e-14 
200 6.213592e+00 1.421085e-14 
240 6.096582e+00 1.776357e-14 
280 5.969273e+00 1.776357e-14 
320 5.765461e+00 2.842171e-14 
360 5.740157e+00 2.309264e-14 
400 5.659209e+00 2.842171e-14 
440 5.600342e+00 3.197442e-14 
480 5.592657e+00 3.907985e-14 
520 5.586999e+00 3.907985e-14 
560 5.559492e+00 4.618528e-14 
600 5.592667e+00 4.263256e-14 
640 5.659596e+00 4.440892e-14 
680 5.642971e+00 5.329071e-14 
720 5.617356e+00 4.973799e-14 
760 5.479597e+00 4.973799e-14 
800 5.584703e+00 4.973799e-14 
840 5.545535e+00 6.394885e-14 
880 4.737264e+00 7.105427e-14 
920 5.211544e+00 6.394885e-14 
960 5.321736e+00 6.394885e-14 
1000 5.292966e+00 6.394885e-14 
];
