version = 'MMult_1x4_4';
MY_MMult = [
100 1.784121e+00 0.000000e+00 
200 1.858736e+00 0.000000e+00 
300 1.896933e+00 0.000000e+00 
400 1.903855e+00 0.000000e+00 
500 1.905328e+00 0.000000e+00 
600 1.923137e+00 0.000000e+00 
700 1.938006e+00 0.000000e+00 
800 1.779548e+00 0.000000e+00 
900 1.730003e+00 0.000000e+00 
1000 1.743096e+00 0.000000e+00 
1100 1.561225e+00 0.000000e+00 
1200 1.687609e+00 0.000000e+00 
1300 1.351319e+00 0.000000e+00 
1400 1.219823e+00 0.000000e+00 
1500 9.108792e-01 0.000000e+00 
1600 7.627759e-01 0.000000e+00 
1700 9.460534e-01 0.000000e+00 
1800 7.034040e-01 0.000000e+00 
1900 5.897640e-01 0.000000e+00 
2000 5.368169e-01 0.000000e+00 
2100 4.864560e-01 0.000000e+00 
2200 4.622091e-01 0.000000e+00 
2300 4.465318e-01 0.000000e+00 
2400 4.104116e-01 0.000000e+00 
2500 4.214233e-01 0.000000e+00 
];
