version = 'MMult_1x4_9';
MY_MMult = [
40 5.120000e+00 2.664535e-15 
80 5.251282e+00 7.105427e-15 
120 5.887564e+00 1.065814e-14 
160 5.637990e+00 1.421085e-14 
200 5.582694e+00 1.421085e-14 
240 5.571947e+00 1.776357e-14 
280 5.289639e+00 1.776357e-14 
320 5.808899e+00 2.842171e-14 
360 5.431432e+00 2.309264e-14 
400 5.625137e+00 2.842171e-14 
440 5.704413e+00 3.197442e-14 
480 5.402770e+00 3.907985e-14 
520 5.476989e+00 3.907985e-14 
560 5.437870e+00 4.618528e-14 
600 5.543436e+00 4.263256e-14 
640 5.581273e+00 4.440892e-14 
680 5.200060e+00 5.329071e-14 
720 5.210050e+00 4.973799e-14 
760 4.977334e+00 4.973799e-14 
800 4.935653e+00 4.973799e-14 
840 4.913812e+00 6.394885e-14 
880 4.351103e+00 7.105427e-14 
920 4.903330e+00 6.394885e-14 
960 4.955852e+00 6.394885e-14 
1000 4.443072e+00 6.394885e-14 
];
